100034612393199
100049216211889
100049258053019
100072251390131
100049390931115
100061681737174
100034673648947
100049415656294
100034733417246
100061820066889
896320250
100000244178853
100062027032803
100062116898182
100062124753491
100062331015230
100034945090044
100062370691081
100002229218107
100002630401212
100072846552430
100035066631187
100073023942080
100050492072525
100050502825826
100062563853550
100073080249556
100050527853096
100050567738730
100073208605770
100073340761585
100035336770877
100035402809332
100035520409563
100003659332524
100050924916576
100062978995990
100051044589726
100051266292798
100036205384005
100063552816336
100034612393199
100049216211889
100049258053019
100072251390131
100049390931115
100049415656294
100034673648947
100061681737174
896320250
100000244178853
100034733417246
100061820066889
100002229218107
100072846552430
100002630401212
100073023942080
100062027032803
100062116898182
100062124753491
100050492072525
100050502825826
100062331015230
100073080249556
100034945090044
100050527853096
100062370691081
100050567738730
896320250
100000244178853
100002229218107
100002630401212
100055551191661
100003659332524
100055813388111
100055896887760
100055994530865
100056027360757
100056092909512
100056114237478
100056533237574
100056598259944
100056602587206
100056776252148
100007089106174
100007610298530
100007864293579
100009391314885
100056892413472
100010629455964
