100034612393199
100072251390131
100061681737174
100034673648947
896320250
100000244178853
100061820066889
100034733417246
100062027032803
100002229218107
100062116898182
100002630401212
100062124753491
100062331015230
100062370691081
100049216211889
100072846552430
100049258053019
100073023942080
100034945090044
100073080249556
100049390931115
100049415656294
100035066631187
100062563853550
100073208605770
100073340761585
100003659332524
100062978995990
100050492072525
100035336770877
100050502825826
100035402809332
100050527853096
100035520409563
100050567738730
100050924916576
100063552816336
100051044589726
100051266292798
100007089106174
100007610298530
100007864293579
100036205384005
100063715801735
100063789561557
100009391314885
100036342919986
100073844012661
100051795852742
100036716828028
100063923076570
100073966774979
100051973998609
