5209607
6508961
511475696
896320250
100000244178853
100001648350238
100002229218107
100002630401212
100002944665946
100003068946552
100003489230504
100003659332524
100004187023636
100004688821376
100005381409957
100005703965323
100006710823261
100006773859460
100007089106174
100007610298530
100007864293579
100008902755348
100009391314885
100009518843515
100009998972138
100010232110266
100010516830709
100010629455964
100010693905362
100010813382724
100010836666109
100011196457298
100011261358811
100011501922719
100011817994625
100012114186470
100012412455100
100013084658278
100013816962214
100014551207964
100014894106350
100014904121028
100015110559463
100015137889771
100015190691442
100015224132116
100015492484413
100015511632581
100015561646874
100015580634004
100015786481729
100016611403731
100017006586875
100017093761209
100017432553549
100017448349196
100018024180255
100018182053172
100018675609444
100019717915823
100019768045522
100019926398222
100020158298439
100020275760848
100020511656484
100020514078451
100020630204230
100021589397629
100021871686029
100021916849590
100022670659828
100022843784826
100023268893368
100023282476113
100023325483197
100023369470910
100023482695216
100023622961031
100023700170985
100023747805913
100023757732149
100023951883886
100024006482596
100024160062386
100024238818332
100024318293720
100024329931694
100024426284194
100024432173077
100024502943951
100024780370771
100024881480665
100024966940729
100024984828936
100025081011024
100025088406028
100025198073227
100025215766256
100025491500090
100025574791129
100025772857313
100025790205154
100026186870713
100026388313424
100026459500002
100026538522294
100026690617243
100026706183480
100026923516539
100027064929436
100027102096266
100027149554473
100027701530679
100027808656010
100027966140875
100028143513609
100028218820704
100028254821756
100028516802759
100028666583765
100028910566432
100028954419952
100029149898141
100029230583584
100029236024253
100029321700818
100029322452208
100029332935680
100029372361584
100029524694542
100029538173131
100029571431251
100029739317859
100029892821086
100029975192923
100030156600509
100030457909536
100030487151515
100030627963469
100030717666026
100030747111422
100030863713787
100030865350950
100030921645173
100031318758538
100031542815545
100031854960279
100031984591828
100032156808389
100032407344528
100032438296625
100032777844314
100033091089296
100033132143971
100033235112072
100033250600308
100033263510165
100033394725566
100033408622280
100033570939350
100033579372324
100033887897218
100034175269938
100034267218937
100034306609731
100034422114029
100034612393199
100034642665820
100034649172208
100034673648947
100034716394723
100034733417246
100034743018329
100034761573869
100034945090044
100034955871747
100035066631187
100035224666373
100035257567222
100035298914505
100035336770877
100035402809332
100035520409563
100035803232048
100035882352285
100035977652766
100036070066222
100036102288484
100036205384005
100036284150034
100036342919986
100036688895587
100036716828028
100036946477581
100037006273438
100037073720846
100037094029396
100037101804354
100037160500681
100037217298535
100037348338360
100037432416807
100037432685617
100037688747173
100037702789212
100037729221262
100037886774682
100038493810417
100038631287589
100038691044171
100038800057270
100039179769277
100039231848251
100039270160410
100039279954072
100039417722875
100039600378298
100039605168166
100039933981665
100039948736919
100039963308555
100040059828783
100040441147669
100040488092106
100040688031946
100040851730963
100040881450010
100040928566001
100041040761823
100041099450916
100041126407713
100041152792835
100041164179738
100041250199225
100041414446827
100041744838951
100041835102763
100041932730396
100041963514150
100042054290470
100042121966750
100042125205575
100042225218893
100042508058604
100042817814830
100042833795427
100042834015890
100043046090095
100043077377456
100043079115520
100043088882693
100043111908675
100043120235067
100043130621655
100043207394375
100043400762276
100043418685296
100043423342110
100043807758626
100044035175687
100044064801989
100044113186578
100044184098627
100044233440391
100044427019025
100044633822353
100044664180758
100044665140054
100044728398662
100044817466333
100045002958540
100045057639587
100045092329209
100045144579815
100045158012520
100045273317345
100045309824688
100045404873804
100045505099648
100045780864010
100045872601138
100046012370892
100046044362340
100046046600416
100046249338561
100046343212412
100046368426760
100046447490556
100046509316075
100046601444048
100046633123765
100046633426479
100046785381374
100046816115156
100046862132030
100047104244812
100047130472699
100047146350217
100047213079728
100047324042522
100047339130651
100047376313637
100047419426362
100047492258694
100047565214236
100047591286813
100047757404195
100047766756940
100047806356396
100047871037014
100047887119274
100047909182228
100047950471379
100048010020371
100048200123112
100048301334991
100048507624137
100048552034747
100048656894649
100048709880049
100048745129790
100048783008450
100048831758719
100048977872338
100049018867422
100049019390033
100049036487440
100049105993230
100049163387890
100049177873971
100049178587227
100049216211889
100049258053019
100049345454781
100049390931115
100049415656294
100049475057744
100049834770401
100049948921022
100050075046523
100050492072525
100050502825826
100050527853096
100050567738730
100050634761641
100050649729431
100050924916576
100051031125281
100051044589726
100051266292798
100051316041096
100051476318034
100051563319225
100051601279500
100051795852742
100051803610320
100051907071999
100051973998609
100051974749292
100052056285231
100052082595074
100052116211844
100052132034660
100052192224245
100052211285653
100052247793762
100052286745996
100052332528980
100052393336930
100052434425563
100052512473824
100052666690680
100052684066418
100052809830067
100052889764996
100052897334824
100052967341798
100052999578663
100053090798193
100053198360552
100053203264543
100053253431288
100053284538770
100053400002720
100053409918685
100053448576948
100053479493204
100053576253467
100053676165980
100053695233163
100053703884927
100053821652542
100053896890042
100053902745979
100054253195716
100054351715224
100054356559272
100054414031099
100054439209048
100054460842925
100054483518164
100054497731355
100054557704551
100054586361956
100054718755828
100054885498278
100054969100235
100055012266651
100055015474902
100055027885161
100055200633729
100055224960200
100055374484828
100055505507820
100055551191661
100055621550682
100055675021119
100055720050427
100055813388111
100055846382590
100055896887760
100055994530865
100056027360757
100056083056366
100056092909512
100056114237478
100056388907449
100056533237574
100056598259944
100056602587206
100056776252148
100056783124996
100056865685849
100056892413472
100056912466460
100056964266659
100056965561247
100056991228659
100056999160264
100057086226214
100057138403003
100057218180831
100057312340631
100057438270898
100057441752331
100057449317801
100057475440062
100057517272130
100057531667845
100057634443611
100057873069372
100057884403217
100057924235728
100058019754818
100058220244776
100058336426301
100058354352310
100058422528275
100058657818705
100058665773196
100058796738542
100058852973063
100058958994584
100059087304977
100059318044673
100059435776407
100059544655995
100059766462033
100059780126481
100059828105271
100059861228951
100059915726101
100060125582951
100060125986568
100060202101145
100060369017072
100060398495004
100060446469609
100060525165238
100060557903909
100060699921559
100060711908450
100060779450453
100060878289307
100060961394663
100060999840174
100061106976232
100061115390096
100061203005499
100061299762884
100061364022736
100061410344027
100061478853803
100061535423318
100061564872277
100061603303418
100061633262286
100061673113676
100061681737174
100061804429258
100061820066889
100061882187867
100062027032803
100062116898182
100062124753491
100062331015230
100062370691081
100062470265329
100062471196296
100062563853550
100062595262167
100062965316586
100062977141767
100062978995990
100063225093507
100063397912558
100063483840271
100063549213079
100063552816336
100063569643885
100063656262946
100063715801735
100063789561557
100063857379987
100063870902209
100063923076570
100063966295538
100063976756325
100064004269066
100064026614339
100064041732663
100064084785868
100064113401970
100064179616081
100064221720525
100064405237346
100064412066278
100064418964238
100064533264922
100064544029515
100064581715080
100064582705733
100064618717706
100064633440725
100064702111974
100064753110999
100064782840082
100064850784160
100064866831176
100065043751158
100065081065290
100065174634993
100065193744267
100065261580154
100065278814939
100065282713950
100065293449941
100065342628996
100065344969011
100065368726167
100065371178719
100065380270425
100065431611048
100065446072686
100065495233967
100065509921486
100065512278459
100065526622928
100065543612688
100065553532383
100065585371946
100065599621297
100066150046942
100066160401433
100066267464524
100066268410044
100066328201168
100066416651120
100066573753615
100066624865731
100066629329316
100066636970401
100066680336890
100066747214625
100066750071683
100066780543489
100066795096598
100066890023765
100066913623056
100067001225793
100067045986737
100067048922341
100067148900151
100067191338451
100067482200123
100067550452087
100067611413394
100067712634744
100067720869633
100067729104534
100067753247586
100067786337444
100067937992839
100067997086569
100068042994688
100068061693095
100068086082224
100068122686300
100068139343695
100068215898628
100068250510325
100068320743173
100068356625110
100068373909189
100068404974244
100068444156829
100068519486445
100068707512033
100068726851737
100068761547671
100068791972436
100068807499258
100069079793048
100069269892113
100069395773719
100069458483165
100069475757715
100069477001545
100069573786893
100069592342979
100069602602462
100069608175433
100069682237135
100069810165382
100069865524174
100069866346118
100069992443766
100070252581428
100070260398228
100070266886383
100070297684905
100070361085798
100070405067529
100070487454956
100070623877484
100070687203125
100070868804277
100070906069699
100071126074746
100071131638777
100071180973231
100071469190407
100071519992291
100071541124767
100071851113889
100071935712780
100071956060745
100072005755613
100072103103089
100072157070403
100072194568199
100072201340917
100072251390131
100072349363357
100072602641910
100072751410258
100072763295688
100072846552430
100073023942080
100073040529128
100073080249556
100073116987749
100073208605770
100073340761585
100073425151769
100073426782499
100073458510223
100073510541864
100073568166024
100073610079272
100073740063600
100073827726595
100073838172178
100073842728898
100073844012661
100073899763791
100073957584017
100073966774979
100074068241857
100074174006897
100074178530853
100074190987747
100074215491027
100074264811717
100074284367027
100074353327335
100074373342202
100074376037337
100074410519841
100074425939275
100074509809664
100074593845629
100074637135318
100074851276907
100074874126351
100074959494090
100075106014781
100075145194517
100075151851351
100075175166609
100075261831834
100075336423096
100075346809147
100075434075061
100075529643664
100075546522057
100075730167288
100075796190133
100075817474478
100075844742745
100075943283481
100075955968096
100075978524998
100076127177880
100076145513860
100076316762264
100076433114083
100076543301492
100076565117999
100076592988935
100076610070997
100076631057847
100076675245754
100076806435351
100077022444052
100077048824804
100077098922017
100077121759701
100077130155002
100077192486046
100077227717560
100077353395572
100077357506794
100077357737258
100077367961050
100077378671107
100077381840764
100077447949286
100077466651042
100077504423318
100077514522818
100077560839470
100077658827999
100078031998030
100078159173525
100078310994711
100078323850443
100078346149783
100078478744174
100078663303108
100078684857734
100078810130776
100078818983025
100078851362716
100078959661813
100079080667228
100079631355572
100079657041516
100079753541728
100079809541820
100079862448606
100080249869978
100080333626849
100080393435557
100081003242618
100081021402555
100081032289471
100081059286636
100081068658661
100081101331294
100081198365329
100081233814100
100081488590990
100081509322628
100081548672769
100081597848702
100081637484047
100081741676709
100081842486721
100081856063957
100082010556721
100082320350388
100082386742647
100082419417297
100082511136197
100082675714724
100083170652539
100083283374783
100083647055406
100083944436436
100084150544824
100084175701762
100084316080440
100084398466207
100084482452500
100084495876179
100085107397462
100085112371487
100085689592698
100085836950304
100086009567555
100086014770640
100086628512211
100086728560546
100086899025181
100086965309161
100086993355650
100087152119690
100087311142005
100087977510589
100087981740523
100087985266017
100088106506036
100088201419541
100088238319653
100089879112095